loose-equal
test1_10x2.txt 226.22 39.65 186.57 9953.34
test2_10x2.txt 333.45 213.07 120.38 7538.61
test1_10x5.txt 2125.77 182.71 1943.06 79923.4
test2_10x5.txt 1138.79 407.8 730.99 76302.5
test1_10x10.txt 1346.74 936.35 410.39 505773
test2_10x10.txt 703.74 474.39 229.35 484576
test1_15x2.txt 1055.63 30.15 1025.48 20762.5
test2_15x2.txt 599.29 236.02 363.27 20083.4
test1_15x5.txt 4185.42 250.47 3934.95 222439
test2_15x5.txt 4071.8 582.34 3489.46 225486
test1_15x10.txt 2494.25 1868.31 625.94 1.55739e+06
test2_15x10.txt 3439.23 2625.8 813.43 1.89837e+06
test1_20x2.txt 2623.04 35.71 2587.33 53239.9
test2_20x2.txt 3103.74 102.46 3001.28 53357.8
test1_20x5.txt 9377.87 515.94 8861.93 620772
test2_20x5.txt 7895.88 822.03 7073.85 612323
test1_20x10.txt 7818.9 1454.78 6364.12 3.98231e+06
test2_20x10.txt 2745.9 923.65 1822.25 3.8632e+06

loose-tard
test1_10x2.txt 434.5 37.51 396.99 7654.16
test2_10x2.txt 185.24 131.92 53.32 7687.46
test1_10x5.txt 471.33 442.83 28.5 75339.1
test2_10x5.txt 611.19 90.96 520.23 78179.7
test1_10x10.txt 799.28 635.94 163.34 499732
test2_10x10.txt 403.93 346.16 57.77 501801
test1_15x2.txt 666.94 20.98 645.96 20996.9
test2_15x2.txt 340.52 169.57 170.95 21818.4
test1_15x5.txt 1421.52 252.03 1169.49 231069
test2_15x5.txt 485.25 383.48 101.77 228268
test1_15x10.txt 654.99 562.47 92.52 1.87058e+06
test2_15x10.txt 1139.4 403.47 735.93 1.64838e+06
test1_20x2.txt 1235.4 124.33 1111.07 45181.9
test2_20x2.txt 808.66 44.69 763.97 44070
test1_20x5.txt 3383.87 286.12 3097.75 531887
test2_20x5.txt 4467.26 72.51 4394.75 535848
test1_20x10.txt 6459.42 363.44 6095.98 3.76283e+06
test2_20x10.txt 2342.79 1823.52 519.27 3.73842e+06

tight-equal
test1_10x2.txt 516.41 122.35 394.06 9623.19
test2_10x2.txt 475.33 10.62 464.71 7831.23
test1_10x5.txt 1045.9 588.47 457.43 76365.7
test2_10x5.txt 829.17 117.72 711.45 77687.9
test1_10x10.txt 1941.96 512.26 1429.7 505495
test2_10x10.txt 3487.45 1764.11 1723.34 499420
test1_15x2.txt 3561.72 52.87 3508.85 20743.6
test2_15x2.txt 1546.11 13.82 1532.29 20935.2
test1_15x5.txt 1521.33 244.75 1276.58 235649
test2_15x5.txt 2736.4 169.79 2566.61 235284
test1_15x10.txt 8760.77 75.52 8685.25 1.61961e+06
test2_15x10.txt 6106.82 1224.82 4882 1.62532e+06
test1_20x2.txt 1993.65 3.96 1989.69 44589.6
test2_20x2.txt 966.45 59.56 906.89 43563.7
test1_20x5.txt 3347.7 1454.82 1892.88 506573
test2_20x5.txt 7546.21 38.83 7507.38 513212
test1_20x10.txt 13745 655.91 13089.1 4.47279e+06
test2_20x10.txt 8964.72 3971.92 4992.8 3.61612e+06

tight-tard
test1_10x2.txt 181.6 44.99 136.61 7383.16
test2_10x2.txt 151.37 96.6 54.77 7361.83
test1_10x5.txt 563.45 485.33 78.12 72401.2
test2_10x5.txt 649.45 120.72 528.73 73356.6
test1_10x10.txt 914.92 597.78 317.14 472713
test2_10x10.txt 1657.91 1260.91 397 475251
test1_15x2.txt 803.27 62.59 740.68 20334.9
test2_15x2.txt 967.07 12.05 955.02 20154.4
test1_15x5.txt 1598.47 114.41 1484.06 223078
test2_15x5.txt 825.74 345.62 480.12 224332
test1_15x10.txt 1451.17 1263.83 187.34 1.51654e+06
test2_15x10.txt 1759.66 607.75 1151.91 1.5324e+06
test1_20x2.txt 1813.8 97.39 1716.41 43388.6
test2_20x2.txt 1530.53 251.18 1279.35 42791.6
test1_20x5.txt 3753.38 85 3668.38 501301
test2_20x5.txt 2055.03 736.91 1318.12 496539
test1_20x10.txt 5996.77 519.12 5477.65 3.60016e+06
test2_20x10.txt 3966.15 1957.14 2009.01 3.49953e+06

