loose-equal
test1_10x2.txt 299.48 50.97 248.51 17303.7
test2_10x2.txt 420.21 249.27 170.94 16752.4
test1_10x5.txt 4039.83 152 3887.83 33492.8
test2_10x5.txt 3209.55 799.29 2410.26 33572.7
test1_10x10.txt 3009.76 2188.23 821.53 60884.8
test2_10x10.txt 2113.87 1946.05 167.82 73758.9
test1_15x2.txt 1413 33 1380 26197.5
test2_15x2.txt 1064.68 410.81 653.87 31798.7
test1_15x5.txt 8042.61 377.11 7665.5 50335.9
test2_15x5.txt 8956.45 674.55 8281.9 49859.4
test1_15x10.txt 9043.23 1291.02 7752.21 93160.9
test2_15x10.txt 12182.9 3534.49 8648.43 94348.1
test1_20x2.txt 4235.03 48.61 4186.42 29671.1
test2_20x2.txt 5061.52 343.52 4718 29787.9
test1_20x5.txt 21490.4 461.89 21028.5 64646.3
test2_20x5.txt 16928.1 990.53 15937.5 64114.6
test1_20x10.txt 24961 2647.96 22313 134111
test2_20x10.txt 9115.43 1095.47 8019.96 130509

loose-tard
test1_10x2.txt 719.24 46.25 672.99 18092.6
test2_10x2.txt 400.99 140.38 260.61 30577.3
test1_10x5.txt 730.04 710.61 19.43 60832.2
test2_10x5.txt 1398.62 71.95 1326.67 62834.9
test1_10x10.txt 3864.14 765.24 3098.9 111862
test2_10x10.txt 1509.84 362.86 1146.98 111398
test1_15x2.txt 1200.85 36.19 1164.66 43017.5
test2_15x2.txt 645.32 174.23 471.09 43322.3
test1_15x5.txt 4416.54 259.93 4156.61 91903.8
test2_15x5.txt 1207.67 881.73 325.94 89307.1
test1_15x10.txt 1839.86 1395.6 444.26 165131
test2_15x10.txt 7482.35 166.56 7315.79 166205
test1_20x2.txt 2525.89 146.66 2379.23 51522.4
test2_20x2.txt 1524.87 75.36 1449.51 30354.2
test1_20x5.txt 7589.5 358.23 7231.27 64107.9
test2_20x5.txt 9323.35 50.12 9273.23 64149.5
test1_20x10.txt 25620.6 347.54 25273 122758
test2_20x10.txt 13630.8 1904.66 11726.1 122307

tight-equal
test1_10x2.txt 708.25 157.91 550.34 17643.4
test2_10x2.txt 565.34 9.3 556.04 17654.6
test1_10x5.txt 2094.37 975.31 1119.06 35302.7
test2_10x5.txt 1815.42 93.08 1722.34 35697.7
test1_10x10.txt 5860.86 537.27 5323.59 63818.1
test2_10x10.txt 7080.72 3579.41 3501.31 63739.6
test1_15x2.txt 6243.6 71.91 6171.69 23789.2
test2_15x2.txt 2478.09 14.4 2463.69 23798
test1_15x5.txt 3549.55 414.65 3134.9 49614.9
test2_15x5.txt 6136.37 134.05 6002.32 49614.8
test1_15x10.txt 21952.5 73.3 21879.2 93506.3
test2_15x10.txt 18915.4 1184.34 17731.1 93233.3
test1_20x2.txt 3315.96 3.56 3312.4 30038
test2_20x2.txt 1742.69 88.59 1654.1 30106
test1_20x5.txt 6492.54 2017.39 4475.15 63847.2
test2_20x5.txt 13485.8 48.73 13437.1 64141.5
test1_20x10.txt 36015.1 360.22 35654.9 122725
test2_20x10.txt 28123.8 4752.23 23371.6 122384

tight-tard
test1_10x2.txt 373.78 69.79 303.99 17800.9
test2_10x2.txt 259.31 173.85 85.46 17855.4
test1_10x5.txt 1093.48 469.13 624.35 35100.2
test2_10x5.txt 2193.18 81.11 2112.07 35261.2
test1_10x10.txt 3870.1 414.4 3455.7 63707.8
test2_10x10.txt 3524.26 2010.1 1514.16 63507
test1_15x2.txt 1433.29 105.24 1328.05 23785.5
test2_15x2.txt 1625.72 15.96 1609.76 23826.2
test1_15x5.txt 3198.97 99.27 3099.7 49645.9
test2_15x5.txt 3133.84 237.76 2896.08 49524.5
test1_15x10.txt 2500.22 1389.84 1110.38 93600.4
test2_15x10.txt 9141.67 368.19 8773.48 92841.5
test1_20x2.txt 2930.09 76.12 2853.97 29909.1
test2_20x2.txt 2670.28 299.92 2370.36 29832.2
test1_20x5.txt 7489.97 68.74 7421.23 64073.9
test2_20x5.txt 4788.39 678.6 4109.79 63783.7
test1_20x10.txt 17430.4 426.8 17003.6 121999
test2_20x10.txt 17511.6 1317.95 16193.6 121586

