loose-equal
test1_10x2.txt 266.18 62.48 203.7 1952.14
test2_10x2.txt 365.52 232.43 133.09 1842.44
test1_10x5.txt 2510.22 290.28 2219.94 16923.3
test2_10x5.txt 1407.42 843.26 564.16 16575.9
test1_10x10.txt 1698.19 1553.99 144.2 107422
test2_10x10.txt 1002.36 837.05 165.31 109716
test1_15x2.txt 1178.36 29.38 1148.98 4960.17
test2_15x2.txt 606.99 270.41 336.58 4722.46
test1_15x5.txt 3937.34 324.09 3613.25 48951.5
test2_15x5.txt 4813 967.26 3845.74 49295.9
test1_15x10.txt 1947.86 1410 537.86 341738
test2_15x10.txt 3646.83 2555.64 1091.19 357651
test1_20x2.txt 2980.94 42.32 2938.62 10258.7
test2_20x2.txt 3167.2 147.38 3019.82 10011.6
test1_20x5.txt 8582.3 564.08 8018.22 108809
test2_20x5.txt 8960.82 989.94 7970.88 106932
test1_20x10.txt 8006.66 1813.94 6192.72 785928
test2_20x10.txt 4389.98 834.17 3555.81 818302

loose-tard
test1_10x2.txt 431.92 34.32 397.6 1998.93
test2_10x2.txt 158.52 86.55 71.97 1784.3
test1_10x5.txt 463.02 431.7 31.32 15866.3
test2_10x5.txt 640.33 90.62 549.71 16935.9
test1_10x10.txt 925.73 875.76 49.97 104732
test2_10x10.txt 539.67 435.25 104.42 105741
test1_15x2.txt 749.45 11.61 737.84 4759.4
test2_15x2.txt 353.88 201.19 152.69 4707.91
test1_15x5.txt 1510.75 269.62 1241.13 49129.3
test2_15x5.txt 607.8 539.6 68.2 49706.9
test1_15x10.txt 915.24 802.88 112.36 337900
test2_15x10.txt 1197.57 371.73 825.84 357258
test1_20x2.txt 1332.75 171.47 1161.28 9902.68
test2_20x2.txt 891.16 62.87 828.29 9532.64
test1_20x5.txt 3609.8 326.63 3283.17 108551
test2_20x5.txt 4300.88 74.24 4226.64 109213
test1_20x10.txt 7624.89 357.58 7267.31 787203
test2_20x10.txt 3121.26 2022.98 1098.28 790601

tight-equal
test1_10x2.txt 533.79 109.45 424.34 1749.39
test2_10x2.txt 471.95 11.16 460.79 1744.6
test1_10x5.txt 1097.7 701.07 396.63 16472.2
test2_10x5.txt 1018.64 97.12 921.52 16117.6
test1_10x10.txt 1709.12 636.43 1072.69 106533
test2_10x10.txt 3583.69 2652.56 931.13 101887
test1_15x2.txt 3502.57 82.84 3419.73 4608.92
test2_15x2.txt 1567.28 13.16 1554.12 4728.24
test1_15x5.txt 1748.69 450.77 1297.92 48225.1
test2_15x5.txt 3325.99 133.58 3192.41 48130
test1_15x10.txt 9259.44 47.77 9211.67 345601
test2_15x10.txt 8519.53 1165.52 7354.01 336242
test1_20x2.txt 2021.94 18.05 2003.89 10192.3
test2_20x2.txt 1027.14 64.71 962.43 9835.86
test1_20x5.txt 3198.13 1545.35 1652.78 108627
test2_20x5.txt 7527.35 43.77 7483.58 109304
test1_20x10.txt 14099.3 545.84 13553.5 785483
test2_20x10.txt 9835.03 4165.41 5669.62 777059

tight-tard
test1_10x2.txt 223.86 67.48 156.38 1814.55
test2_10x2.txt 167.98 115.73 52.25 1751.58
test1_10x5.txt 539.03 446.3 92.73 16525.4
test2_10x5.txt 741.81 115.49 626.32 15747.9
test1_10x10.txt 1471.24 621.52 849.72 106291
test2_10x10.txt 1548.62 1313.81 234.81 101848
test1_15x2.txt 807.14 68.72 738.42 4597.35
test2_15x2.txt 978.62 16.04 962.58 4760.45
test1_15x5.txt 1753.49 112.44 1641.05 48815.7
test2_15x5.txt 951.73 411.53 540.2 47770.7
test1_15x10.txt 1590.8 1432.92 157.88 343088
test2_15x10.txt 2137.38 566.04 1571.34 327348
test1_20x2.txt 1784.93 98.23 1686.7 9276.11
test2_20x2.txt 1600.94 262.84 1338.1 9825.48
test1_20x5.txt 3943.84 75.1 3868.74 109015
test2_20x5.txt 2379.36 625.37 1753.99 109063
test1_20x10.txt 7119.75 517.41 6602.34 806045
test2_20x10.txt 6225.18 1621.43 4603.75 810055

