loose-equal
test1_10x2.txt 312.63 62.62 250.01 17467.5
test2_10x2.txt 417.95 196.04 221.91 16663
test1_10x5.txt 4241.05 331.85 3909.2 33547.1
test2_10x5.txt 3343.84 769.79 2574.05 33927.8
test1_10x10.txt 4176.17 3919.22 256.95 61380.6
test2_10x10.txt 2218.76 1976.7 242.06 60812
test1_15x2.txt 1852.93 23.76 1829.17 22552
test2_15x2.txt 911.56 252.88 658.68 22863.2
test1_15x5.txt 9080.99 220.08 8860.91 47383.6
test2_15x5.txt 8264.34 951.85 7312.49 47242.5
test1_15x10.txt 8324.78 1270.26 7054.52 88959.9
test2_15x10.txt 9640.8 5473.5 4167.3 89159
test1_20x2.txt 4629.71 18.91 4610.8 28411.4
test2_20x2.txt 5178.38 218.94 4959.44 28376.7
test1_20x5.txt 21381.1 436.37 20944.8 60997.4
test2_20x5.txt 15653.5 1119.41 14534.1 61072.6
test1_20x10.txt 27825.9 2012.61 25813.2 116864
test2_20x10.txt 12989.8 1006.69 11983.1 117744

loose-tard
test1_10x2.txt 683.29 33.04 650.25 16836.1
test2_10x2.txt 466.6 127.49 339.11 16786.5
test1_10x5.txt 703.48 604.21 99.27 33428.2
test2_10x5.txt 962.56 93.65 868.91 33729.4
test1_10x10.txt 2541.86 903.96 1637.9 60833.7
test2_10x10.txt 2838.53 328.41 2510.12 61195
test1_15x2.txt 1113.77 24.74 1089.03 22522.7
test2_15x2.txt 624.23 256.61 367.62 22448
test1_15x5.txt 5404.78 272.7 5132.08 47277.4
test2_15x5.txt 1458.3 729.23 729.07 47219.2
test1_15x10.txt 2710.32 1122.71 1587.61 88894.9
test2_15x10.txt 8157.27 479.82 7677.45 89323.7
test1_20x2.txt 2450.67 177.46 2273.21 28230.1
test2_20x2.txt 1510.26 54.95 1455.31 28340.6
test1_20x5.txt 9742.83 245.07 9497.76 61190.5
test2_20x5.txt 10179.1 86.7 10092.4 61117.8
test1_20x10.txt 25106 243.53 24862.5 117221
test2_20x10.txt 9655.8 2041.57 7614.23 116772

tight-equal
test1_10x2.txt 698.47 103.86 594.61 16783
test2_10x2.txt 612.66 9.3 603.36 17239.5
test1_10x5.txt 2539.35 700.23 1839.12 33426.6
test2_10x5.txt 2041.78 104.45 1937.33 34504.8
test1_10x10.txt 6495.39 508.07 5987.32 61201.6
test2_10x10.txt 6055.02 2948.79 3106.23 61143.5
test1_15x2.txt 5018.36 145.32 4873.04 22561.2
test2_15x2.txt 2511.51 6.48 2505.03 22563.9
test1_15x5.txt 4048.31 325.2 3723.11 47388.7
test2_15x5.txt 7036.86 168.27 6868.59 47458.6
test1_15x10.txt 21161 49.44 21111.6 89202.6
test2_15x10.txt 17753.8 1335.92 16417.8 89219.6
test1_20x2.txt 3165.54 10.92 3154.62 28769
test2_20x2.txt 1805.66 65.5 1740.16 28326.6
test1_20x5.txt 7810.16 2081.04 5729.12 61342.6
test2_20x5.txt 13181.9 36.08 13145.8 61142.2
test1_20x10.txt 36446.1 357.37 36088.7 116733
test2_20x10.txt 27540.3 4175.88 23364.4 117506

tight-tard
test1_10x2.txt 305.58 47.74 257.84 16876.6
test2_10x2.txt 250.55 160.99 89.56 17327.1
test1_10x5.txt 1117.91 529.96 587.95 33528.5
test2_10x5.txt 2261.99 72 2189.99 33669.3
test1_10x10.txt 3588.08 496.05 3092.03 60693.1
test2_10x10.txt 3647.56 2258.71 1388.85 60610.9
test1_15x2.txt 1488.94 115.28 1373.66 22554.7
test2_15x2.txt 1577.12 13.71 1563.41 22514.5
test1_15x5.txt 2874.31 107.08 2767.23 47230
test2_15x5.txt 2362.48 350.96 2011.52 47299.5
test1_15x10.txt 3178.34 1576.59 1601.75 88590
test2_15x10.txt 7191.65 414.3 6777.35 88816.8
test1_20x2.txt 2931.88 119.81 2812.07 28250.3
test2_20x2.txt 2573.98 284.45 2289.53 28200
test1_20x5.txt 6320.84 56.72 6264.12 61018.8
test2_20x5.txt 5396.05 607.29 4788.76 61871.6
test1_20x10.txt 21337.7 340.07 20997.7 116487
test2_20x10.txt 18257.8 1649.18 16608.6 116318

