loose-equal
test1_10x2.txt 428.63 0 428.63 18453.4
test2_10x2.txt 731.08 0 731.08 16684.8
test1_10x5.txt 4653.18 0 4653.18 33187.2
test2_10x5.txt 4388.53 0 4388.53 32948.5
test1_10x10.txt 4817.68 0 4817.68 60586.3
test2_10x10.txt 3347.36 0 3347.36 60500.8
test1_15x2.txt 2022.38 0 2022.38 22343.6
test2_15x2.txt 1548.46 0 1548.46 22481.1
test1_15x5.txt 10908.9 0 10908.9 46734.6
test2_15x5.txt 12463.4 0 12463.4 46679.2
test1_15x10.txt 12868.3 0 12868.3 88434.3
test2_15x10.txt 13271.4 0 13271.4 89052.7
test1_20x2.txt 4230.49 0 4230.49 27913.3
test2_20x2.txt 6740.83 0 6740.83 27863.8
test1_20x5.txt 25054.4 0 25054.4 64427.7
test2_20x5.txt 25097.5 0 25097.5 60345.3
test1_20x10.txt 38244.8 0 38244.8 115717
test2_20x10.txt 19989.2 0 19989.2 115643

loose-tard
test1_10x2.txt 826.38 0 826.38 16270.5
test2_10x2.txt 691.14 0 691.14 16224.1
test1_10x5.txt 2532.83 0 2532.83 33138.6
test2_10x5.txt 2049.91 0 2049.91 33027.4
test1_10x10.txt 6320.89 0 6320.89 60223.5
test2_10x10.txt 3248.85 0 3248.85 60540.3
test1_15x2.txt 1665.66 0 1665.66 22336.8
test2_15x2.txt 1503.58 0 1503.58 22287.9
test1_15x5.txt 6713.76 0 6713.76 46657.5
test2_15x5.txt 3567.48 0 3567.48 46583.3
test1_15x10.txt 5818.13 0 5818.13 87740.3
test2_15x10.txt 13138.1 0 13138.1 87655.5
test1_20x2.txt 3490.03 0 3490.03 27855.2
test2_20x2.txt 2380.55 0 2380.55 27862.4
test1_20x5.txt 14883.3 0 14883.3 60476.7
test2_20x5.txt 12638 0 12638 60159.9
test1_20x10.txt 28357.6 0 28357.6 115168
test2_20x10.txt 25922.1 0 25922.1 2.77144e+06

tight-equal
test1_10x2.txt 1332.79 0 1332.79 17097
test2_10x2.txt 707.49 0 707.49 16602.3
test1_10x5.txt 2511.91 0 2511.91 33130.6
test2_10x5.txt 2073.91 0 2073.91 33156.7
test1_10x10.txt 6651.29 0 6651.29 60430.6
test2_10x10.txt 10234.5 0 10234.5 60562.4
test1_15x2.txt 7638.51 0 7638.51 22372.4
test2_15x2.txt 1914.6 0 1914.6 22750.9
test1_15x5.txt 4658.63 0 4658.63 46868.8
test2_15x5.txt 8676.67 0 8676.67 46835.7
test1_15x10.txt 23210.7 0 23210.7 88213.8
test2_15x10.txt 31380.5 0 31380.5 87861.7
test1_20x2.txt 3343.24 0 3343.24 28323.7
test2_20x2.txt 2284.7 0 2284.7 27980.6
test1_20x5.txt 12849.7 0 12849.7 62160.7
test2_20x5.txt 15522.9 0 15522.9 60318.9
test1_20x10.txt 43130.9 0 43130.9 115493
test2_20x10.txt 38937.9 0 38937.9 116400

tight-tard
test1_10x2.txt 650.34 0 650.34 16577.5
test2_10x2.txt 681.36 0 681.36 16153.7
test1_10x5.txt 2876.69 0 2876.69 33138.2
test2_10x5.txt 2251.72 0 2251.72 33029.9
test1_10x10.txt 6578.08 0 6578.08 60422.6
test2_10x10.txt 7020.45 0 7020.45 60683.4
test1_15x2.txt 2524.11 0 2524.11 22330.5
test2_15x2.txt 1641.99 0 1641.99 22323.8
test1_15x5.txt 4392.95 0 4392.95 47009.5
test2_15x5.txt 4214.34 0 4214.34 46787
test1_15x10.txt 8849.13 0 8849.13 88147.1
test2_15x10.txt 12486.1 0 12486.1 88001.5
test1_20x2.txt 4717.68 0 4717.68 27879.9
test2_20x2.txt 5725.86 0 5725.86 27810.3
test1_20x5.txt 9925.72 0 9925.72 60476.7
test2_20x5.txt 11095 0 11095 60464.9
test1_20x10.txt 27669 0 27669 115623
test2_20x10.txt 37530.9 0 37530.9 115533

