loose-equal
test1_10x2.txt 822.52 28.28 794.24 18828.3
test2_10x2.txt 1075.16 195.73 879.43 15409.7
test1_10x5.txt 15880.7 148.02 15732.7 36042.5
test2_10x5.txt 14901.8 342.26 14559.5 34228.2
test1_10x10.txt 26057.6 663 25394.6 58287.2
test2_10x10.txt 21513.3 178.94 21334.3 58288.5
test1_15x2.txt 2851.77 18.76 2833.01 21768.9
test2_15x2.txt 2307.95 213.61 2094.34 21842.3
test1_15x5.txt 36108.1 75.56 36032.5 45211.3
test2_15x5.txt 44647.1 93.18 44554 45376.7
test1_15x10.txt 72193.3 213.9 71979.4 85536
test2_15x10.txt 92400.5 734.78 91665.8 85916.9
test1_20x2.txt 8306.49 27.56 8278.93 27371.9
test2_20x2.txt 9552.71 122.84 9429.87 27249.6
test1_20x5.txt 85636.1 77.33 85558.8 58473.8
test2_20x5.txt 93693.6 337.51 93356.1 59081.8
test1_20x10.txt 223575 287.9 223287 111468
test2_20x10.txt 112745 149.31 112596 111739

loose-tard
test1_10x2.txt 1201.48 24.4 1177.08 15614.3
test2_10x2.txt 1208.47 60.09 1148.38 15792.5
test1_10x5.txt 5122.77 145.83 4976.94 32357.8
test2_10x5.txt 6847.9 17.12 6830.78 32065.2
test1_10x10.txt 46179.8 138.75 46041 58162
test2_10x10.txt 26524 27.06 26496.9 58389.5
test1_15x2.txt 2387.84 13.74 2374.1 21503.2
test2_15x2.txt 1607.04 135.61 1471.43 21991.9
test1_15x5.txt 25564.6 103.51 25461.1 45401.9
test2_15x5.txt 10369.6 180.27 10189.3 45511
test1_15x10.txt 44988.1 193.99 44794.1 85344.2
test2_15x10.txt 75818.1 26.25 75791.8 86423.5
test1_20x2.txt 4937.57 117.59 4819.98 27157.3
test2_20x2.txt 3257.39 48.82 3208.57 27289.7
test1_20x5.txt 48349.4 50.15 48299.2 58828.7
test2_20x5.txt 42528.7 21.8 42506.9 58905.9
test1_20x10.txt 189436 24.98 189411 112681
test2_20x10.txt 138503 276.59 138226 112940

tight-equal
test1_10x2.txt 1584.28 68.01 1516.27 15577.2
test2_10x2.txt 1172.92 3.9 1169.02 15535.1
test1_10x5.txt 8969.71 213.77 8755.94 32155.6
test2_10x5.txt 7830.93 9 7821.93 32571.9
test1_10x10.txt 44956.5 45.22 44911.3 58453.3
test2_10x10.txt 50231.6 529.5 49702.1 58713.9
test1_15x2.txt 9685.78 55.56 9630.22 21719.9
test2_15x2.txt 3797.87 1.4 3796.47 21552.6
test1_15x5.txt 15206.5 67.23 15139.2 45287.6
test2_15x5.txt 28226.2 42.9 28183.2 45553.1
test1_15x10.txt 135614 4.4 135609 85448
test2_15x10.txt 154843 108.8 154734 85347.7
test1_20x2.txt 5683.82 3.9 5679.92 27367.8
test2_20x2.txt 3664.75 61.73 3603.02 27064.5
test1_20x5.txt 33862.9 604.4 33258.5 58513.2
test2_20x5.txt 55861 3.3 55857.7 58616.9
test1_20x10.txt 229250 51.4 229199 111337
test2_20x10.txt 215974 608.68 215366 111718

tight-tard
test1_10x2.txt 1016.61 34.6 982.01 15730.9
test2_10x2.txt 725.26 96.36 628.9 15940.8
test1_10x5.txt 7734.32 123.45 7610.87 32190.2
test2_10x5.txt 10416.3 19.68 10396.6 32169.3
test1_10x10.txt 39813.6 77.35 39736.2 58232.6
test2_10x10.txt 35206.2 350.93 34855.3 58270.3
test1_15x2.txt 2923.37 52.25 2871.12 21591.9
test2_15x2.txt 2801.86 5.8 2796.06 21638.2
test1_15x5.txt 16466 20.08 16445.9 45186.2
test2_15x5.txt 13673 85.4 13587.6 45151.2
test1_15x10.txt 40161.8 267.22 39894.6 84938.2
test2_15x10.txt 75920.1 57.25 75862.8 85130
test1_20x2.txt 6238.03 72.1 6165.93 27144.2
test2_20x2.txt 6662.26 150.3 6511.96 27146.6
test1_20x5.txt 37553 11.83 37541.2 58457.1
test2_20x5.txt 35271.3 146.32 35124.9 58444.6
test1_20x10.txt 165893 41.74 165851 111754
test2_20x10.txt 181925 285.44 181639 112248

