loose-equal
test1_10x2.txt 512.12 164.69 347.43 2.4456
test2_10x2.txt 833.74 628.08 205.66 19.1719
test1_10x5.txt 3519.27 669.82 2849.45 81.5519
test2_10x5.txt 1938.95 1166.45 772.5 39.9768
test1_10x10.txt 6261.08 6259.16 1.92 78.6611
test2_10x10.txt 3367.38 3332.12 35.26 72.4239
test1_15x2.txt 1621.53 46.62 1574.91 47.3804
test2_15x2.txt 1171.11 656.28 514.83 27.7458
test1_15x5.txt 6090.38 558.2 5532.18 32.5172
test2_15x5.txt 7826.8 1390.73 6436.07 39.2363
test1_15x10.txt 6138.57 4146.39 1992.18 35.9525
test2_15x10.txt 9689.48 8029 1660.48 44.1014
test1_20x2.txt 3541.16 45.07 3496.09 36.1034
test2_20x2.txt 4267.88 426.4 3841.48 20.0872
test1_20x5.txt 11814.8 950.84 10864 25.3885
test2_20x5.txt 13857.1 1461.5 12395.6 33.2247
test1_20x10.txt 14964.7 3346.45 11618.3 37.8916
test2_20x10.txt 8636.05 2221.08 6414.97 44.1206

loose-tard
test1_10x2.txt 571.62 59.24 512.38 16.4781
test2_10x2.txt 320.75 149.43 171.32 16.9049
test1_10x5.txt 986.38 979.79 6.59 33.0342
test2_10x5.txt 1036.93 172.44 864.49 30.9483
test1_10x10.txt 1953.1 1903.92 49.18 58.9998
test2_10x10.txt 1323.55 676.94 646.61 41.4124
test1_15x2.txt 1003.07 59.24 943.83 21.3558
test2_15x2.txt 676.45 400.66 275.79 37.1729
test1_15x5.txt 2881.85 480.46 2401.39 39.1331
test2_15x5.txt 1232.94 1118.79 114.15 38.9867
test1_15x10.txt 2558.8 1849.69 709.11 41.2991
test2_15x10.txt 4202.4 786.25 3416.15 40.2665
test1_20x2.txt 2449.54 246.23 2203.31 19.8567
test2_20x2.txt 1596.07 117.41 1478.66 25.8449
test1_20x5.txt 6156.81 438.55 5718.26 28.1795
test2_20x5.txt 7302.97 146.47 7156.5 34.8652
test1_20x10.txt 13021.6 526.98 12494.6 48.8968
test2_20x10.txt 5646.02 3824.4 1821.62 39.9208

tight-equal
test1_10x2.txt 1065.3 364.66 700.64 16.5193
test2_10x2.txt 646.99 22.37 624.62 40.2423
test1_10x5.txt 1705.98 1084.82 621.16 77.3798
test2_10x5.txt 1635.43 144.41 1491.02 65.3878
test1_10x10.txt 3120.09 531.47 2588.62 27.7579
test2_10x10.txt 5660.85 4943.83 717.02 30.2435
test1_15x2.txt 5700.58 245.63 5454.95 33.1623
test2_15x2.txt 1961.48 8.38 1953.1 26.0486
test1_15x5.txt 2917.56 602.75 2314.81 24.6647
test2_15x5.txt 4073.75 208.28 3865.47 30.4077
test1_15x10.txt 12766.1 80.33 12685.8 36.7043
test2_15x10.txt 12152.7 2124.37 10028.3 38.5085
test1_20x2.txt 2404.84 25.46 2379.38 39.8156
test2_20x2.txt 1546.31 141.94 1404.37 19.9389
test1_20x5.txt 5963.32 2773.17 3190.15 33.8416
test2_20x5.txt 9484.27 53.34 9430.93 41.9081
test1_20x10.txt 20212.7 759.23 19453.5 44.2053
test2_20x10.txt 16759.6 6672.38 10087.3 46.6013

tight-tard
test1_10x2.txt 383.93 91.05 292.88 15.8319
test2_10x2.txt 341.27 217.89 123.38 15.6295
test1_10x5.txt 849.3 627.8 221.5 34.927
test2_10x5.txt 1365.64 126.96 1238.68 39.8105
test1_10x10.txt 1751.79 787.91 963.88 43.1001
test2_10x10.txt 2904.39 2786.79 117.6 44.7986
test1_15x2.txt 1372.15 162.16 1209.99 30.3433
test2_15x2.txt 1214.39 20.97 1193.42 29.7616
test1_15x5.txt 2565.46 151.27 2414.19 23.607
test2_15x5.txt 1756.12 437.65 1318.47 47.1116
test1_15x10.txt 2470.88 2405.79 65.09 95.5016
test2_15x10.txt 4185.34 572.28 3613.06 38.4311
test1_20x2.txt 2812.01 173.23 2638.78 51.1498
test2_20x2.txt 2231.32 463.83 1767.49 52.5226
test1_20x5.txt 6542.35 103.93 6438.42 42.6187
test2_20x5.txt 4023.32 833.17 3190.15 53.519
test1_20x10.txt 9864.78 638.2 9226.58 64.9853
test2_20x10.txt 7569.27 2410.83 5158.44 63.6413

