loose-equal
test1_10x2.txt 233.39 44.9 188.49 18920
test2_10x2.txt 354.64 210.62 144.02 19279.1
test1_10x5.txt 2140.87 183.83 1957.04 36043.2
test2_10x5.txt 1228.83 529.78 699.05 35505.7
test1_10x10.txt 1427.82 926.84 500.98 64483.7
test2_10x10.txt 1023.83 920.84 102.99 63470.8
test1_15x2.txt 1140.11 27.99 1112.12 24238.2
test2_15x2.txt 564.66 225.4 339.26 24897.2
test1_15x5.txt 3876.72 270.2 3606.52 48993.2
test2_15x5.txt 4525.07 902.57 3622.5 49745.9
test1_15x10.txt 2163.98 1644.54 519.44 93290.3
test2_15x10.txt 3798.02 3105.71 692.31 94921.8
test1_20x2.txt 2713.54 30.52 2683.02 30707.3
test2_20x2.txt 3338.32 188.73 3149.59 31255.4
test1_20x5.txt 9693.78 493.67 9200.11 64529.3
test2_20x5.txt 9589.08 1100.19 8488.89 64619.5
test1_20x10.txt 8261.37 2027.23 6234.14 124052
test2_20x10.txt 3354.63 1494.09 1860.54 120411

loose-tard
test1_10x2.txt 459.06 32.74 426.32 17208.7
test2_10x2.txt 179.51 126.19 53.32 17295.5
test1_10x5.txt 381.44 346.38 35.06 33917.1
test2_10x5.txt 652.46 86.68 565.78 34151.7
test1_10x10.txt 1185.47 1064.75 120.72 63113.7
test2_10x10.txt 402.49 302.96 99.53 62453
test1_15x2.txt 711.81 25.56 686.25 23001.4
test2_15x2.txt 354.08 199.1 154.98 22978.7
test1_15x5.txt 1863.81 255.83 1607.98 48023.8
test2_15x5.txt 635.65 581.39 54.26 47911.8
test1_15x10.txt 1035.37 1012.08 23.29 91609.6
test2_15x10.txt 1626.45 320.78 1305.67 94223.3
test1_20x2.txt 1277.51 132.85 1144.66 31101
test2_20x2.txt 855.21 42.33 812.88 29772.7
test1_20x5.txt 3549.25 324.85 3224.4 62561.3
test2_20x5.txt 4765.56 86.06 4679.5 62478.1
test1_20x10.txt 7607.41 327.18 7280.23 120265
test2_20x10.txt 2579.36 2241.48 337.88 121649

tight-equal
test1_10x2.txt 521.8 92.01 429.79 18716.9
test2_10x2.txt 472.37 17.53 454.84 17254
test1_10x5.txt 1138.77 613.41 525.36 34234.2
test2_10x5.txt 921.15 121.09 800.06 33904.3
test1_10x10.txt 2191.14 531.87 1659.27 62039.9
test2_10x10.txt 3591.93 2305.9 1286.03 61614.8
test1_15x2.txt 3579.01 112.58 3466.43 22782
test2_15x2.txt 1606.73 8.2 1598.53 22889.3
test1_15x5.txt 1540.77 333.29 1207.48 47719.5
test2_15x5.txt 3089.37 172.65 2916.72 57505.3
test1_15x10.txt 8946.51 102.37 8844.14 91256
test2_15x10.txt 7681.26 1291.79 6389.47 91160
test1_20x2.txt 2064.87 5.52 2059.35 29269.6
test2_20x2.txt 995.38 66.87 928.51 29548.5
test1_20x5.txt 3532.17 1811.18 1720.99 62360.9
test2_20x5.txt 7774.16 25.75 7748.41 62329.1
test1_20x10.txt 14735.7 418.28 14317.4 119901
test2_20x10.txt 9790.09 4199.12 5590.97 120410

tight-tard
test1_10x2.txt 188.02 51.41 136.61 17139.2
test2_10x2.txt 178.12 117.98 60.14 17219.9
test1_10x5.txt 509.25 412.47 96.78 34026.7
test2_10x5.txt 837.12 117.18 719.94 34075.2
test1_10x10.txt 1330.63 710.29 620.34 62509.1
test2_10x10.txt 1748.8 1539 209.8 62112.9
test1_15x2.txt 895.53 89.62 805.91 23039.1
test2_15x2.txt 970.74 20.71 950.03 24308.7
test1_15x5.txt 1532.61 102.02 1430.59 48496.5
test2_15x5.txt 1012.64 429.23 583.41 48518.4
test1_15x10.txt 1383.12 1299.89 83.23 97278.7
test2_15x10.txt 2509.24 601.57 1907.67 91012.7
test1_20x2.txt 1809.16 93.23 1715.93 29972.8
test2_20x2.txt 1569.56 282.14 1287.42 29389.7
test1_20x5.txt 3998.34 68.8 3929.54 62647.3
test2_20x5.txt 2265.37 727.71 1537.66 62814.1
test1_20x10.txt 6180.96 474.62 5706.34 120098
test2_20x10.txt 5250.39 1654.28 3596.11 120081

