loose-equal
test1_10x2.txt 429.98 0 429.98 16762.6
test2_10x2.txt 709.33 0 709.33 16235.9
test1_10x5.txt 4584.75 0 4584.75 33149.7
test2_10x5.txt 5611.2 0 5611.2 33238.4
test1_10x10.txt 4787.36 0 4787.36 60474.2
test2_10x10.txt 3326.78 0 3326.78 60491.3
test1_15x2.txt 2488.41 0 2488.41 22469.6
test2_15x2.txt 1733.83 0 1733.83 22572.5
test1_15x5.txt 9426.91 0 9426.91 46705.3
test2_15x5.txt 11900.6 0 11900.6 46750.3
test1_15x10.txt 11491.4 0 11491.4 88433.8
test2_15x10.txt 16385.1 0 16385.1 88021.3
test1_20x2.txt 4192.4 0 4192.4 27894
test2_20x2.txt 6346.62 0 6346.62 27935.8
test1_20x5.txt 23161 0 23161 61348.9
test2_20x5.txt 28864.4 0 28864.4 60968
test1_20x10.txt 33981.3 0 33981.3 115488
test2_20x10.txt 15766.5 0 15766.5 115799

loose-tard
test1_10x2.txt 951.83 0 951.83 16501.3
test2_10x2.txt 666.2 0 666.2 16541.1
test1_10x5.txt 2272.44 0 2272.44 33132.7
test2_10x5.txt 1905.8 0 1905.8 34179.4
test1_10x10.txt 7169.97 0 7169.97 60493.7
test2_10x10.txt 4370.24 0 4370.24 60689.7
test1_15x2.txt 1414.69 0 1414.69 22306.6
test2_15x2.txt 1891.39 0 1891.39 22442.5
test1_15x5.txt 5906.84 0 5906.84 46548.6
test2_15x5.txt 4060.51 0 4060.51 46901.8
test1_15x10.txt 6980.24 0 6980.24 87988.6
test2_15x10.txt 11678.6 0 11678.6 87878.7
test1_20x2.txt 4347.47 0 4347.47 27705.9
test2_20x2.txt 2970.23 0 2970.23 27855.8
test1_20x5.txt 13702.5 0 13702.5 60826.7
test2_20x5.txt 9596.44 0 9596.44 60909.5
test1_20x10.txt 24263.2 0 24263.2 115329
test2_20x10.txt 22808.4 0 22808.4 115116

tight-equal
test1_10x2.txt 1278.14 0 1278.14 16356.5
test2_10x2.txt 648.02 0 648.02 16378.2
test1_10x5.txt 3524.54 0 3524.54 33109.9
test2_10x5.txt 1903.92 0 1903.92 32958.8
test1_10x10.txt 9258.37 0 9258.37 60591.4
test2_10x10.txt 9751.48 0 9751.48 60603.1
test1_15x2.txt 6743.96 0 6743.96 22359.9
test2_15x2.txt 2439.78 0 2439.78 22257.6
test1_15x5.txt 3997.28 0 3997.28 46640
test2_15x5.txt 7532.44 0 7532.44 46730.5
test1_15x10.txt 18767.1 0 18767.1 88318.3
test2_15x10.txt 27081.8 0 27081.8 88067.2
test1_20x2.txt 3024.67 0 3024.67 27792.8
test2_20x2.txt 2390.82 0 2390.82 27896.1
test1_20x5.txt 10548 0 10548 60844.5
test2_20x5.txt 15342.9 0 15342.9 61095.6
test1_20x10.txt 38962.3 0 38962.3 115232
test2_20x10.txt 39225.1 0 39225.1 115189

tight-tard
test1_10x2.txt 940.1 0 940.1 16402.7
test2_10x2.txt 728.7 0 728.7 16318
test1_10x5.txt 3033.45 0 3033.45 33077.9
test2_10x5.txt 2894.48 0 2894.48 32971.9
test1_10x10.txt 9045.55 0 9045.55 60217.2
test2_10x10.txt 7234.54 0 7234.54 60210.7
test1_15x2.txt 2540.45 0 2540.45 22218.7
test2_15x2.txt 1852.01 0 1852.01 22229.1
test1_15x5.txt 4537.31 0 4537.31 46596.4
test2_15x5.txt 4451.51 0 4451.51 46649.8
test1_15x10.txt 8696.72 0 8696.72 87728.4
test2_15x10.txt 12427.2 0 12427.2 87724.9
test1_20x2.txt 5046.96 0 5046.96 27731.7
test2_20x2.txt 5781.76 0 5781.76 27833.6
test1_20x5.txt 10675.5 0 10675.5 61257.3
test2_20x5.txt 12134.7 0 12134.7 62458.9
test1_20x10.txt 27176.2 0 27176.2 115574
test2_20x10.txt 33400.8 0 33400.8 115526

