loose-equal
test1_10x2.txt 303.66 58.87 244.79 18147.9
test2_10x2.txt 390.17 223.48 166.69 17776.2
test1_10x5.txt 2905.54 197.57 2707.97 34850.7
test2_10x5.txt 2172.14 600.75 1571.39 35007
test1_10x10.txt 5498.01 2316.72 3181.29 62931.6
test2_10x10.txt 3784.94 1304.49 2480.45 64962.7
test1_15x2.txt 2094.32 35.79 2058.53 23537.3
test2_15x2.txt 785.22 276.36 508.86 23480.3
test1_15x5.txt 5720.52 331.09 5389.43 49409.7
test2_15x5.txt 5267.71 1204.23 4063.48 48997.8
test1_15x10.txt 9038.75 1914.98 7123.77 92851.8
test2_15x10.txt 6523.43 3091.33 3432.1 91919.9
test1_20x2.txt 4074.65 49.09 4025.56 30005.2
test2_20x2.txt 4804.74 170.94 4633.8 31477.4
test1_20x5.txt 14754.6 408.1 14346.5 63909.8
test2_20x5.txt 17258.9 1185.96 16073 74932.6
test1_20x10.txt 23710.9 2292.39 21418.5 141326
test2_20x10.txt 14021.2 1207.26 12813.9 134359

loose-tard
test1_10x2.txt 687.11 28.27 658.84 18911.7
test2_10x2.txt 565.14 133.75 431.39 18038.3
test1_10x5.txt 617.6 509.91 107.69 39785.9
test2_10x5.txt 1079.49 81.64 997.85 40592.6
test1_10x10.txt 2517.5 976.64 1540.86 66796.4
test2_10x10.txt 4488.25 240.71 4247.54 75514.5
test1_15x2.txt 1329.89 16.94 1312.95 37983.5
test2_15x2.txt 524.1 210.18 313.92 38175.1
test1_15x5.txt 4191.05 253.31 3937.74 91469.4
test2_15x5.txt 852.04 678.88 173.16 88961.9
test1_15x10.txt 3396.33 795.28 2601.05 193779
test2_15x10.txt 8357.35 215.56 8141.79 168213
test1_20x2.txt 2392.81 144.53 2248.28 57848.7
test2_20x2.txt 1630.65 58.51 1572.14 56730.6
test1_20x5.txt 6233.54 323.81 5909.73 129386
test2_20x5.txt 7609.04 71.96 7537.08 113918
test1_20x10.txt 13713 279.14 13433.8 230677
test2_20x10.txt 13894 1848.8 12045.2 254410

tight-equal
test1_10x2.txt 673.99 124.38 549.61 49078.6
test2_10x2.txt 579.3 9.3 570 35910.3
test1_10x5.txt 1884.41 585.97 1298.44 77787.3
test2_10x5.txt 1196.5 95.64 1100.86 63054.3
test1_10x10.txt 5270.88 466.97 4803.91 63212.4
test2_10x10.txt 4154.41 2855.7 1298.71 63694
test1_15x2.txt 6171.87 47.42 6124.45 23320.2
test2_15x2.txt 2375.41 11.1 2364.31 23400.3
test1_15x5.txt 1815.33 366.25 1449.08 48946.6
test2_15x5.txt 2984.46 243.86 2740.6 48743.9
test1_15x10.txt 14591.8 42.4 14549.4 91469.4
test2_15x10.txt 10071.4 1563.43 8507.96 91541.5
test1_20x2.txt 3646.22 16.94 3629.28 29130.8
test2_20x2.txt 2058.1 129.96 1928.14 29118.6
test1_20x5.txt 4752.79 1506.91 3245.88 62908.4
test2_20x5.txt 6425.23 37.46 6387.77 63156.1
test1_20x10.txt 19381 531.71 18849.3 119945
test2_20x10.txt 12463.7 4137.28 8326.41 120281

tight-tard
test1_10x2.txt 296.35 46.78 249.57 17416.1
test2_10x2.txt 292.65 153.78 138.87 17386
test1_10x5.txt 1190.22 377.88 812.34 34627.4
test2_10x5.txt 1704.21 104.97 1599.24 34581
test1_10x10.txt 2621.69 669.29 1952.4 62762.4
test2_10x10.txt 2437.96 1917.03 520.93 62328.9
test1_15x2.txt 1214.04 87.89 1126.15 23395.6
test2_15x2.txt 1540.88 10.76 1530.12 23665.3
test1_15x5.txt 1798.17 119.62 1678.55 48656.7
test2_15x5.txt 1164.93 406.59 758.34 49425.5
test1_15x10.txt 1283.51 1101.79 181.72 90730.2
test2_15x10.txt 5893.14 612.79 5280.35 90784
test1_20x2.txt 3526.12 99.69 3426.43 29050.1
test2_20x2.txt 2904.08 271.69 2632.39 29358.6
test1_20x5.txt 4404.79 83.34 4321.45 62496.9
test2_20x5.txt 3159.44 671.76 2487.68 62954.4
test1_20x10.txt 10264.6 570.25 9694.38 119116
test2_20x10.txt 9675.36 1747.22 7928.14 119233

