loose-equal
test1_10x2.txt 413.45 0 413.45 16826.3
test1_15x5.txt 9650.31 0 9650.31 47031.3
test1_20x10.txt 39026 0 39026 116132

loose-tard
test1_10x2.txt 1018.76 0 1018.76 16579.6
test1_15x5.txt 8338.68 0 8338.68 47008.4
test1_20x10.txt 31890.2 0 31890.2 116089

tight-equal
test1_10x2.txt 1171.54 0 1171.54 16612
test1_15x5.txt 5261.21 0 5261.21 46948.5
test1_20x10.txt 35661.2 0 35661.2 115813

tight-tard
test1_10x2.txt 616.93 0 616.93 16489.4
test1_15x5.txt 4899.36 0 4899.36 46807.1
test1_20x10.txt 27439.3 0 27439.3 115618

