loose-equal
test1_10x2.txt 315.54 58.87 256.67 20726.4
test2_10x2.txt 470.97 292.72 178.25 17278.9
test1_10x5.txt 2885.57 256.8 2628.77 34805.4
test2_10x5.txt 1985.69 615.12 1370.57 34824.9
test1_10x10.txt 5231.49 2355.08 2876.41 63008.2
test2_10x10.txt 3686.24 1517.34 2168.9 63062.8
test1_15x2.txt 1642.51 25.17 1617.34 24371.8
test2_15x2.txt 1162.67 317.92 844.75 23975.8
test1_15x5.txt 6455.66 304.44 6151.22 49283.8
test2_15x5.txt 6456.96 1405.13 5051.83 49192.3
test1_15x10.txt 7862.38 1198.51 6663.87 92083.7
test2_15x10.txt 6962.92 3796.96 3165.96 92826.6
test1_20x2.txt 4177.91 12.76 4165.15 29677.9
test2_20x2.txt 4797.13 241.46 4555.67 29689.8
test1_20x5.txt 14066.6 446.34 13620.3 63783.5
test2_20x5.txt 17558.2 1160.87 16397.3 63640.7
test1_20x10.txt 25150.1 2117.79 23032.3 120700
test2_20x10.txt 14787.3 1116.11 13671.2 120368

loose-tard
test1_10x2.txt 719.62 54.27 665.35 17799.5
test2_10x2.txt 326.75 134.29 192.46 17562.2
test1_10x5.txt 742.64 660.78 81.86 34805.9
test2_10x5.txt 847.71 84.59 763.12 34798.7
test1_10x10.txt 2739.06 931.33 1807.73 62867.3
test2_10x10.txt 4030.29 224.25 3806.04 63179.3
test1_15x2.txt 1147.69 25.99 1121.7 23711.8
test2_15x2.txt 751.6 183.45 568.15 23623.9
test1_15x5.txt 4190.87 262.74 3928.13 49187.2
test2_15x5.txt 894.31 684.25 210.06 49173
test1_15x10.txt 3200.84 931.35 2269.49 92399.4
test2_15x10.txt 8423.3 316.23 8107.07 92251.8
test1_20x2.txt 2473.25 151.5 2321.75 29973.4
test2_20x2.txt 1599.83 60.91 1538.92 29664.6
test1_20x5.txt 6717.91 319.9 6398.01 63425.2
test2_20x5.txt 8124.38 72.63 8051.75 63493.4
test1_20x10.txt 14639.2 223.15 14416 120640
test2_20x10.txt 13623.4 1849.39 11774 121977

tight-equal
test1_10x2.txt 815.86 218.64 597.22 17596.7
test2_10x2.txt 631.2 9.3 621.9 17453.6
test1_10x5.txt 1905.36 569.41 1335.95 37263.1
test2_10x5.txt 1363.74 112.98 1250.76 39135.4
test1_10x10.txt 5365.72 506.46 4859.26 106427
test2_10x10.txt 4239.71 3078.67 1161.04 113592
test1_15x2.txt 4300.11 148.34 4151.77 31529.2
test2_15x2.txt 2538.41 15.74 2522.67 27033.2
test1_15x5.txt 1962.7 473.4 1489.3 67508.1
test2_15x5.txt 2606.69 215.29 2391.4 54887
test1_15x10.txt 13525 75.28 13449.7 101308
test2_15x10.txt 10082 1639.11 8442.87 93628.1
test1_20x2.txt 4052.77 14.2 4038.57 29580
test2_20x2.txt 1671.95 63.98 1607.97 29659.5
test1_20x5.txt 4478.52 2014.33 2464.19 64103.6
test2_20x5.txt 7242.59 40.04 7202.55 63438.3
test1_20x10.txt 18597 493.18 18103.8 120668
test2_20x10.txt 12378.8 3248.92 9129.89 151519

tight-tard
test1_10x2.txt 325.85 50.35 275.5 22717
test2_10x2.txt 230.33 103.71 126.62 20045.6
test1_10x5.txt 1229.22 437.75 791.47 37252.8
test2_10x5.txt 1765.84 91.97 1673.87 39541.3
test1_10x10.txt 2228.25 634.15 1594.1 75738.4
test2_10x10.txt 2244.11 1794.78 449.33 68576.7
test1_15x2.txt 1315.05 85.12 1229.93 27658.8
test2_15x2.txt 1571.7 17.37 1554.33 24022.6
test1_15x5.txt 1604.05 98.71 1505.34 54143.6
test2_15x5.txt 1137.45 425.88 711.57 54081
test1_15x10.txt 1307.69 1013.13 294.56 91704.6
test2_15x10.txt 6264.49 510.35 5754.14 92250.7
test1_20x2.txt 2810.15 117.44 2692.71 30299.6
test2_20x2.txt 2492.7 336.18 2156.52 33353
test1_20x5.txt 3717.92 73.76 3644.16 66127.5
test2_20x5.txt 3581.42 648.25 2933.17 63780.5
test1_20x10.txt 11285.2 453.04 10832.2 123771
test2_20x10.txt 8317.78 1955.61 6362.17 126803

