loose-equal
test1_10x2.txt 795.76 26.85 792.52 17809.1
test2_10x2.txt 1032.79 168.14 864.65 17096.5
test1_10x5.txt 18282.4 209.3 22468 35711.3
test2_10x5.txt 18135.7 765.24 17370.5 35387.2
test1_10x10.txt 31786.8 1603.56 30183.2 64417
test2_10x10.txt 24376.4 1210.36 23166.1 64707.2
test1_15x2.txt 3790.28 18.76 3771.52 24478.2
test2_15x2.txt 2964.82 258.88 3074.88 24638.9
test1_15x5.txt 42256.6 301.91 51324.9 50427.2
test2_15x5.txt 76400.9 479.78 89314.4 50361.7
test1_15x10.txt 86558.1 1138.36 94687.1 94002.6
test2_15x10.txt 94824.5 1978.46 101778 94199.1
test1_20x2.txt 8692.81 10.24 9502.49 31340
test2_20x2.txt 12524.7 112.68 12487.7 31004.4
test1_20x5.txt 89391.9 576.83 93376.6 64966.8
test2_20x5.txt 133979 1049.33 132929 64743.8
test1_20x10.txt 262100 1592.53 282896 122785
test2_20x10.txt 110958 643.35 110315 158383

loose-tard
test1_10x2.txt 1229.44 35.96 1231.01 22711.3
test2_10x2.txt 980.77 81.86 1128.29 22712.6
test1_10x5.txt 5396.31 356.24 5682.26 45421.4
test2_10x5.txt 7540.09 72.64 7467.45 43994.9
test1_10x10.txt 47732.1 499.8 49916.2 78673.5
test2_10x10.txt 24364.9 478.31 25293.1 78305.1
test1_15x2.txt 3181.16 22 3159.16 30313.4
test2_15x2.txt 1955.84 186.54 2026.37 30286.7
test1_15x5.txt 34581.4 143.66 34781.1 61133.1
test2_15x5.txt 11829.6 385.46 11444.2 61257.4
test1_15x10.txt 38809.4 338.5 41408.4 113763
test2_15x10.txt 86750.6 387.62 86363 113565
test1_20x2.txt 6931.72 120.04 7094.01 37053
test2_20x2.txt 4418.13 39.3 4378.83 37369.7
test1_20x5.txt 57204 244.03 62230.3 78715.6
test2_20x5.txt 39582.9 45.7 39537.2 79615
test1_20x10.txt 198605 313.24 198291 148852
test2_20x10.txt 164226 929.66 163296 147798

tight-equal
test1_10x2.txt 1647.46 40.18 1812.08 21633.6
test2_10x2.txt 1142.63 3.9 1230.53 22429.3
test1_10x5.txt 14067.9 241.41 15365.5 42781.1
test2_10x5.txt 10296.2 13.1 10677 64615.4
test1_10x10.txt 56192.5 134.76 58674.2 65166.3
test2_10x10.txt 59809.5 1365.49 76834 64934.7
test1_15x2.txt 12415.2 47.97 12673.1 24346.4
test2_15x2.txt 4653.68 12.4 4748.24 24093.2
test1_15x5.txt 20831.7 102.48 24520.9 50439
test2_15x5.txt 37026.4 42.06 40789.4 51053.4
test1_15x10.txt 166856 91.15 183453 94454.7
test2_15x10.txt 145040 367.06 149040 94204
test1_20x2.txt 6275.01 7.2 6416.3 30775.8
test2_20x2.txt 4191.88 45.61 4375.1 30482.8
test1_20x5.txt 66684.2 349.33 69984.5 66458.8
test2_20x5.txt 72707.9 83.42 72624.4 65760.4
test1_20x10.txt 312199 113.88 383543 124566
test2_20x10.txt 309024 1123.72 307901 136445

tight-tard
test1_10x2.txt 779.63 23.98 1131.62 19938.1
test2_10x2.txt 645.52 86.17 775.86 20095.5
test1_10x5.txt 13604.9 179.32 13425.5 38896.3
test2_10x5.txt 14645.1 51.98 15901.3 39703.8
test1_10x10.txt 51285.5 294.97 56764.9 68803.3
test2_10x10.txt 49499.8 508.06 49235.2 68833.4
test1_15x2.txt 3253.78 71.02 3182.76 26271
test2_15x2.txt 2816.81 6.02 2920.87 26676.7
test1_15x5.txt 27850.6 24.3 28149.8 54762
test2_15x5.txt 19020.8 106.81 21932.5 53789.8
test1_15x10.txt 56148 474.42 55673.5 100414
test2_15x10.txt 90953.8 147.02 90806.8 100134
test1_20x2.txt 6730.64 45.75 7378.64 32723.9
test2_20x2.txt 7999.68 145.47 8129.06 32693.8
test1_20x5.txt 59670.6 28.22 61368.4 69841
test2_20x5.txt 65898 140.39 69042.1 69377.7
test1_20x10.txt 193174 99.98 206747 131331
test2_20x10.txt 253654 296.64 253357 131316

