loose-equal
test1_10x2.txt 515.48 91.74 423.74 1.9646
test2_10x2.txt 735.14 551.25 183.89 1.5697
test1_10x5.txt 1145.85 903.86 241.99 3.51
test2_10x5.txt 1403.92 1271.38 132.54 3.6395
test1_10x10.txt 2663.01 2663.01 0 4.8936
test2_10x10.txt 1795.4 1795.4 0 7.4769
test1_15x2.txt 2883.88 46.96 2836.92 4.343
test2_15x2.txt 1835.18 424.01 1411.17 2.0442
test1_15x5.txt 1599.39 993.98 605.41 10.0579
test2_15x5.txt 2510.11 1916.53 593.58 4.1039
test1_15x10.txt 3007.67 3007.67 0 6.6701
test2_15x10.txt 4756.36 4756.36 0 8.1911
test1_20x2.txt 4994.22 33.66 4960.56 6.3453
test2_20x2.txt 6838.13 278.32 6559.81 3.2465
test1_20x5.txt 2380.63 1640.86 739.77 12.4506
test2_20x5.txt 4235.25 2772.7 1462.55 10.5483
test1_20x10.txt 4936.82 4936.82 0 11.1347
test2_20x10.txt 2886.1 2877.72 8.38 9.7672

loose-tard
test1_10x2.txt 870.17 34.99 835.18 2.4874
test2_10x2.txt 561.66 112.14 449.52 1.3076
test1_10x5.txt 711.93 711.93 0 2.5111
test2_10x5.txt 245.13 245.13 0 2.4867
test1_10x10.txt 1111.49 1111.49 0 8.1749
test2_10x10.txt 581.45 581.45 0 4.356
test1_15x2.txt 2156.93 16.34 2140.59 3.4962
test2_15x2.txt 1181.84 235.41 946.43 3.1841
test1_15x5.txt 777.07 392.21 384.86 11.6002
test2_15x5.txt 854.58 854.58 0 5.9149
test1_15x10.txt 1071.14 1071.14 0 9.8251
test2_15x10.txt 887.77 887.77 0 8.4127
test1_20x2.txt 3337.5 140.87 3196.63 3.1059
test2_20x2.txt 2459.38 48.87 2410.51 2.9152
test1_20x5.txt 900.86 604.95 295.91 6.8276
test2_20x5.txt 885.43 274.39 611.04 4.9231
test1_20x10.txt 1269.79 1241.65 28.14 11.4916
test2_20x10.txt 2267.8 2267.8 0 11.9821

tight-equal
test1_10x2.txt 1103.22 361.89 741.33 3.0507
test2_10x2.txt 687.47 16.33 671.14 1.4769
test1_10x5.txt 1057.97 1057.97 0 3.9978
test2_10x5.txt 356.77 244.68 112.09 4.6005
test1_10x10.txt 1316.27 1316.27 0 10.5445
test2_10x10.txt 3060.3 3060.3 0 6.5089
test1_15x2.txt 7247.59 235.93 7011.66 3.313
test2_15x2.txt 3503.2 15.62 3487.58 3.0239
test1_15x5.txt 613.19 541.06 72.13 4.9324
test2_15x5.txt 926.2 273.83 652.37 4.084
test1_15x10.txt 1095.92 904.53 191.39 10.4257
test2_15x10.txt 2712.45 2712.45 0 10.1858
test1_20x2.txt 3367.88 16.33 3351.55 3.1949
test2_20x2.txt 2255.79 143.59 2112.2 2.6696
test1_20x5.txt 2318.66 2263.49 55.17 6.2587
test2_20x5.txt 1886.4 174.05 1712.35 5.0118
test1_20x10.txt 2137.13 1979.9 157.23 11.1275
test2_20x10.txt 5312.6 5312.6 0 13.2506

tight-tard
test1_10x2.txt 333.38 63.42 269.96 4.0006
test2_10x2.txt 269.61 200.28 69.33 5.2398
test1_10x5.txt 495.17 495.17 0 4.4927
test2_10x5.txt 204.52 180.92 23.6 55.0024
test1_10x10.txt 555.76 555.76 0 4.4352
test2_10x10.txt 1043.87 1043.87 0 4.3865
test1_15x2.txt 1468.92 118.17 1350.75 2.3472
test2_15x2.txt 1781.02 12.53 1768.49 2.672
test1_15x5.txt 406.78 184.39 222.39 5.319
test2_15x5.txt 411.24 411.24 0 3.9123
test1_15x10.txt 874.48 874.48 0 8.3961
test2_15x10.txt 572.24 572.24 0 8.8449
test1_20x2.txt 2886.54 118.17 2768.37 3.7828
test2_20x2.txt 3583.43 364.35 3219.08 3.5167
test1_20x5.txt 652.16 167.2 484.96 8.7032
test2_20x5.txt 769.66 714.49 55.17 5.6528
test1_20x10.txt 746 746 0 10.3697
test2_20x10.txt 1611.1 1611.1 0 10.9335

