loose-equal
test1_10x2.txt 571.56 0 571.56 24632.4
test2_10x2.txt 738.64 0 738.64 21059.3
test1_10x5.txt 3670.63 0 3670.63 36078.4
test2_10x5.txt 2630.45 0 2630.45 35824
test1_10x10.txt 7843.66 0 7843.66 65818.5
test2_10x10.txt 5120.15 0 5120.15 64382.3
test1_15x2.txt 1898.96 0 1898.96 23947.7
test2_15x2.txt 1597.44 0 1597.44 28959.3
test1_15x5.txt 7887.48 0 7887.48 50927.9
test2_15x5.txt 8743.67 0 8743.67 51550.8
test1_15x10.txt 10903.8 0 10903.8 93246.4
test2_15x10.txt 9875.97 0 9875.97 91414.2
test1_20x2.txt 5129.35 0 5129.35 29123.9
test2_20x2.txt 6977.14 0 6977.14 29206.7
test1_20x5.txt 18545.3 0 18545.3 62310.6
test2_20x5.txt 20292.8 0 20292.8 62534.2
test1_20x10.txt 32685.9 0 32685.9 120731
test2_20x10.txt 17033.1 0 17033.1 118232

loose-tard
test1_10x2.txt 819.58 0 819.58 17160.8
test2_10x2.txt 728.88 0 728.88 17048.8
test1_10x5.txt 1470.54 0 1470.54 34111.6
test2_10x5.txt 1498.48 0 1498.48 34997.9
test1_10x10.txt 7014.42 0 7014.42 61982.9
test2_10x10.txt 6616.73 0 6616.73 61855.8
test1_15x2.txt 1422.65 0 1422.65 23222.1
test2_15x2.txt 1528.26 0 1528.26 23226.3
test1_15x5.txt 7523.64 0 7523.64 48185.1
test2_15x5.txt 3390.9 0 3390.9 48427.6
test1_15x10.txt 6729.2 0 6729.2 90666.1
test2_15x10.txt 11184.6 0 11184.6 90358.5
test1_20x2.txt 4088.39 0 4088.39 28982.9
test2_20x2.txt 2305.88 0 2305.88 29150.7
test1_20x5.txt 9621.95 0 9621.95 62475.9
test2_20x5.txt 11281.2 0 11281.2 62959.4
test1_20x10.txt 18679.9 0 18679.9 117830
test2_20x10.txt 27351.2 0 27351.2 117846

tight-equal
test1_10x2.txt 1309.45 0 1309.45 17669.4
test2_10x2.txt 579.94 0 579.94 16971.5
test1_10x5.txt 2362.42 0 2362.42 33913.3
test2_10x5.txt 1532.14 0 1532.14 34008.9
test1_10x10.txt 7711.82 0 7711.82 61860.4
test2_10x10.txt 6706.44 0 6706.44 61637.7
test1_15x2.txt 6921.22 0 6921.22 23075.9
test2_15x2.txt 2428.4 0 2428.4 23134.4
test1_15x5.txt 2545.05 0 2545.05 48273.9
test2_15x5.txt 3411.86 0 3411.86 48029.6
test1_15x10.txt 14842.5 0 14842.5 90743.9
test2_15x10.txt 14387.7 0 14387.7 90381.7
test1_20x2.txt 3406.74 0 3406.74 29079
test2_20x2.txt 2308.68 0 2308.68 29343.7
test1_20x5.txt 6520.45 0 6520.45 62866.9
test2_20x5.txt 6760.09 0 6760.09 63579.5
test1_20x10.txt 21080.5 0 21080.5 118656
test2_20x10.txt 22101.8 0 22101.8 118644

tight-tard
test1_10x2.txt 691.7 0 691.7 17142.7
test2_10x2.txt 836.41 0 836.41 16752.5
test1_10x5.txt 2231.47 0 2231.47 33954.4
test2_10x5.txt 2515.22 0 2515.22 33941.1
test1_10x10.txt 5793.1 0 5793.1 61702.5
test2_10x10.txt 7358.52 0 7358.52 61621.1
test1_15x2.txt 2337.48 0 2337.48 23412.5
test2_15x2.txt 1727.41 0 1727.41 23193.3
test1_15x5.txt 2877.75 0 2877.75 47981.9
test2_15x5.txt 2339.14 0 2339.14 48025.9
test1_15x10.txt 4461.28 0 4461.28 90195.6
test2_15x10.txt 11466.3 0 11466.3 90354.2
test1_20x2.txt 4594.51 0 4594.51 28822.1
test2_20x2.txt 4993.09 0 4993.09 29044.2
test1_20x5.txt 5263.33 0 5263.33 62212
test2_20x5.txt 6261.01 0 6261.01 61880.6
test1_20x10.txt 16372.4 0 16372.4 118598
test2_20x10.txt 20960 0 20960 117731

